[6, 8, 33, 42, 48, 50]
[4, 12, 31, 42, 50, 53]
[4, 10, 31, 35, 45, 53]
[6, 10, 35, 42, 45, 53]
[12, 35, 41, 48, 50, 53]
------
[2, 4, 20, 26, 41, 56]
[2, 20, 28, 32, 41, 57]
[2, 6, 18, 31, 32, 34]
[4, 18, 34, 39, 41, 56]
[2, 4, 26, 32, 50, 57]
------
[2, 10, 30, 44, 45, 55]
[2, 12, 35, 37, 44, 45]
[2, 14, 30, 33, 45, 52]
[10, 12, 14, 33, 44, 55]
[30, 35, 36, 45, 47, 52]
------
[14, 16, 20, 43, 49, 53]
[14, 34, 48, 49, 53, 55]
[2, 16, 18, 42, 50, 53]
[10, 12, 43, 48, 49, 55]
[10, 42, 43, 49, 50, 53]
------
[4, 36, 46, 47, 52, 56]
[4, 28, 33, 36, 44, 56]
[2, 4, 28, 34, 46, 52]
[2, 33, 36, 47, 49, 52]
[2, 34, 36, 46, 47, 56]
------
[4, 22, 26, 37, 41, 56]
[4, 10, 14, 37, 41, 60]
[2, 10, 14, 26, 55, 60]
[10, 33, 37, 38, 43, 60]
[2, 4, 22, 26, 33, 43]
------
[10, 24, 48, 53, 54, 58]
[10, 14, 24, 44, 45, 48]
[14, 45, 47, 55, 57, 58]
[24, 45, 48, 50, 54, 57]
[8, 24, 44, 45, 50, 53]
------
[4, 10, 20, 35, 52, 58]
[18, 20, 41, 42, 43, 58]
[12, 18, 20, 42, 43, 58]
[10, 20, 30, 41, 42, 57]
[12, 18, 35, 41, 45, 57]
------
[38, 44, 46, 53, 54, 57]
[16, 38, 51, 52, 54, 56]
[14, 38, 39, 51, 53, 60]
[26, 44, 46, 49, 52, 56]
[26, 39, 44, 46, 51, 53]
------
[10, 18, 22, 26, 44, 56]
[10, 32, 35, 40, 51, 56]
[24, 35, 40, 45, 53, 56]
[10, 22, 26, 32, 45, 51]
[12, 24, 26, 31, 53, 56]
------
